{
 "cells": [
  {
   "cell_type": "markdown",
   "metadata": {},
   "source": [
    "# Fixed Income Quantitative Trading HW1"
   ]
  },
  {
   "cell_type": "code",
   "execution_count": 35,
   "metadata": {},
   "outputs": [],
   "source": [
    "import pandas as pd\n",
    "import numpy as np\n",
    "import matplotlib.pyplot as plt"
   ]
  },
  {
   "cell_type": "markdown",
   "metadata": {},
   "source": [
    "### a. Load data into pandas dataframe"
   ]
  },
  {
   "cell_type": "code",
   "execution_count": 12,
   "metadata": {},
   "outputs": [],
   "source": [
    "data = pd.read_excel('Treasury Yield.xlsx', index_col = 'Date')"
   ]
  },
  {
   "cell_type": "code",
   "execution_count": 13,
   "metadata": {},
   "outputs": [
    {
     "data": {
      "text/html": [
       "<div>\n",
       "<style scoped>\n",
       "    .dataframe tbody tr th:only-of-type {\n",
       "        vertical-align: middle;\n",
       "    }\n",
       "\n",
       "    .dataframe tbody tr th {\n",
       "        vertical-align: top;\n",
       "    }\n",
       "\n",
       "    .dataframe thead th {\n",
       "        text-align: right;\n",
       "    }\n",
       "</style>\n",
       "<table border=\"1\" class=\"dataframe\">\n",
       "  <thead>\n",
       "    <tr style=\"text-align: right;\">\n",
       "      <th></th>\n",
       "      <th>1 Mo</th>\n",
       "      <th>2 Mo</th>\n",
       "      <th>3 Mo</th>\n",
       "      <th>6 Mo</th>\n",
       "      <th>1 Yr</th>\n",
       "      <th>2 Yr</th>\n",
       "      <th>3 Yr</th>\n",
       "      <th>5 Yr</th>\n",
       "      <th>7 Yr</th>\n",
       "      <th>10 Yr</th>\n",
       "      <th>20 Yr</th>\n",
       "      <th>30 Yr</th>\n",
       "    </tr>\n",
       "    <tr>\n",
       "      <th>Date</th>\n",
       "      <th></th>\n",
       "      <th></th>\n",
       "      <th></th>\n",
       "      <th></th>\n",
       "      <th></th>\n",
       "      <th></th>\n",
       "      <th></th>\n",
       "      <th></th>\n",
       "      <th></th>\n",
       "      <th></th>\n",
       "      <th></th>\n",
       "      <th></th>\n",
       "    </tr>\n",
       "  </thead>\n",
       "  <tbody>\n",
       "    <tr>\n",
       "      <th>1990-01-02</th>\n",
       "      <td>NaN</td>\n",
       "      <td>NaN</td>\n",
       "      <td>7.83</td>\n",
       "      <td>7.89</td>\n",
       "      <td>7.81</td>\n",
       "      <td>7.87</td>\n",
       "      <td>7.90</td>\n",
       "      <td>7.87</td>\n",
       "      <td>7.98</td>\n",
       "      <td>7.94</td>\n",
       "      <td>NaN</td>\n",
       "      <td>8.00</td>\n",
       "    </tr>\n",
       "    <tr>\n",
       "      <th>1990-01-03</th>\n",
       "      <td>NaN</td>\n",
       "      <td>NaN</td>\n",
       "      <td>7.89</td>\n",
       "      <td>7.94</td>\n",
       "      <td>7.85</td>\n",
       "      <td>7.94</td>\n",
       "      <td>7.96</td>\n",
       "      <td>7.92</td>\n",
       "      <td>8.04</td>\n",
       "      <td>7.99</td>\n",
       "      <td>NaN</td>\n",
       "      <td>8.04</td>\n",
       "    </tr>\n",
       "    <tr>\n",
       "      <th>1990-01-04</th>\n",
       "      <td>NaN</td>\n",
       "      <td>NaN</td>\n",
       "      <td>7.84</td>\n",
       "      <td>7.90</td>\n",
       "      <td>7.82</td>\n",
       "      <td>7.92</td>\n",
       "      <td>7.93</td>\n",
       "      <td>7.91</td>\n",
       "      <td>8.02</td>\n",
       "      <td>7.98</td>\n",
       "      <td>NaN</td>\n",
       "      <td>8.04</td>\n",
       "    </tr>\n",
       "    <tr>\n",
       "      <th>1990-01-05</th>\n",
       "      <td>NaN</td>\n",
       "      <td>NaN</td>\n",
       "      <td>7.79</td>\n",
       "      <td>7.85</td>\n",
       "      <td>7.79</td>\n",
       "      <td>7.90</td>\n",
       "      <td>7.94</td>\n",
       "      <td>7.92</td>\n",
       "      <td>8.03</td>\n",
       "      <td>7.99</td>\n",
       "      <td>NaN</td>\n",
       "      <td>8.06</td>\n",
       "    </tr>\n",
       "    <tr>\n",
       "      <th>1990-01-08</th>\n",
       "      <td>NaN</td>\n",
       "      <td>NaN</td>\n",
       "      <td>7.79</td>\n",
       "      <td>7.88</td>\n",
       "      <td>7.81</td>\n",
       "      <td>7.90</td>\n",
       "      <td>7.95</td>\n",
       "      <td>7.92</td>\n",
       "      <td>8.05</td>\n",
       "      <td>8.02</td>\n",
       "      <td>NaN</td>\n",
       "      <td>8.09</td>\n",
       "    </tr>\n",
       "  </tbody>\n",
       "</table>\n",
       "</div>"
      ],
      "text/plain": [
       "            1 Mo  2 Mo  3 Mo  6 Mo  1 Yr  2 Yr  3 Yr  5 Yr  7 Yr  10 Yr  \\\n",
       "Date                                                                      \n",
       "1990-01-02   NaN   NaN  7.83  7.89  7.81  7.87  7.90  7.87  7.98   7.94   \n",
       "1990-01-03   NaN   NaN  7.89  7.94  7.85  7.94  7.96  7.92  8.04   7.99   \n",
       "1990-01-04   NaN   NaN  7.84  7.90  7.82  7.92  7.93  7.91  8.02   7.98   \n",
       "1990-01-05   NaN   NaN  7.79  7.85  7.79  7.90  7.94  7.92  8.03   7.99   \n",
       "1990-01-08   NaN   NaN  7.79  7.88  7.81  7.90  7.95  7.92  8.05   8.02   \n",
       "\n",
       "            20 Yr  30 Yr  \n",
       "Date                      \n",
       "1990-01-02    NaN   8.00  \n",
       "1990-01-03    NaN   8.04  \n",
       "1990-01-04    NaN   8.04  \n",
       "1990-01-05    NaN   8.06  \n",
       "1990-01-08    NaN   8.09  "
      ]
     },
     "execution_count": 13,
     "metadata": {},
     "output_type": "execute_result"
    }
   ],
   "source": [
    "data.head()"
   ]
  },
  {
   "cell_type": "markdown",
   "metadata": {},
   "source": [
    "### b. Remove ‘1M’ column and use the date from 1998-2016 "
   ]
  },
  {
   "cell_type": "markdown",
   "metadata": {},
   "source": [
    "Since that the 2 Mo column are all NA, we also remove this column so that it could be easy for us to calculate diff, corr and vol in the following steps."
   ]
  },
  {
   "cell_type": "code",
   "execution_count": 14,
   "metadata": {},
   "outputs": [],
   "source": [
    "data.drop(columns = ['1 Mo', '2 Mo'], inplace = True)"
   ]
  },
  {
   "cell_type": "code",
   "execution_count": 15,
   "metadata": {},
   "outputs": [],
   "source": [
    "data_new = data['1998-01-01':'2016-12-31']"
   ]
  },
  {
   "cell_type": "code",
   "execution_count": 16,
   "metadata": {},
   "outputs": [
    {
     "data": {
      "text/html": [
       "<div>\n",
       "<style scoped>\n",
       "    .dataframe tbody tr th:only-of-type {\n",
       "        vertical-align: middle;\n",
       "    }\n",
       "\n",
       "    .dataframe tbody tr th {\n",
       "        vertical-align: top;\n",
       "    }\n",
       "\n",
       "    .dataframe thead th {\n",
       "        text-align: right;\n",
       "    }\n",
       "</style>\n",
       "<table border=\"1\" class=\"dataframe\">\n",
       "  <thead>\n",
       "    <tr style=\"text-align: right;\">\n",
       "      <th></th>\n",
       "      <th>3 Mo</th>\n",
       "      <th>6 Mo</th>\n",
       "      <th>1 Yr</th>\n",
       "      <th>2 Yr</th>\n",
       "      <th>3 Yr</th>\n",
       "      <th>5 Yr</th>\n",
       "      <th>7 Yr</th>\n",
       "      <th>10 Yr</th>\n",
       "      <th>20 Yr</th>\n",
       "      <th>30 Yr</th>\n",
       "    </tr>\n",
       "    <tr>\n",
       "      <th>Date</th>\n",
       "      <th></th>\n",
       "      <th></th>\n",
       "      <th></th>\n",
       "      <th></th>\n",
       "      <th></th>\n",
       "      <th></th>\n",
       "      <th></th>\n",
       "      <th></th>\n",
       "      <th></th>\n",
       "      <th></th>\n",
       "    </tr>\n",
       "  </thead>\n",
       "  <tbody>\n",
       "    <tr>\n",
       "      <th>1998-01-02</th>\n",
       "      <td>5.32</td>\n",
       "      <td>5.40</td>\n",
       "      <td>5.46</td>\n",
       "      <td>5.59</td>\n",
       "      <td>5.62</td>\n",
       "      <td>5.63</td>\n",
       "      <td>5.68</td>\n",
       "      <td>5.67</td>\n",
       "      <td>5.94</td>\n",
       "      <td>5.86</td>\n",
       "    </tr>\n",
       "    <tr>\n",
       "      <th>1998-01-05</th>\n",
       "      <td>5.23</td>\n",
       "      <td>5.32</td>\n",
       "      <td>5.35</td>\n",
       "      <td>5.47</td>\n",
       "      <td>5.47</td>\n",
       "      <td>5.46</td>\n",
       "      <td>5.52</td>\n",
       "      <td>5.52</td>\n",
       "      <td>5.82</td>\n",
       "      <td>5.74</td>\n",
       "    </tr>\n",
       "    <tr>\n",
       "      <th>1998-01-06</th>\n",
       "      <td>5.22</td>\n",
       "      <td>5.30</td>\n",
       "      <td>5.30</td>\n",
       "      <td>5.39</td>\n",
       "      <td>5.42</td>\n",
       "      <td>5.41</td>\n",
       "      <td>5.49</td>\n",
       "      <td>5.49</td>\n",
       "      <td>5.80</td>\n",
       "      <td>5.73</td>\n",
       "    </tr>\n",
       "    <tr>\n",
       "      <th>1998-01-07</th>\n",
       "      <td>5.23</td>\n",
       "      <td>5.30</td>\n",
       "      <td>5.31</td>\n",
       "      <td>5.42</td>\n",
       "      <td>5.45</td>\n",
       "      <td>5.45</td>\n",
       "      <td>5.55</td>\n",
       "      <td>5.55</td>\n",
       "      <td>5.88</td>\n",
       "      <td>5.80</td>\n",
       "    </tr>\n",
       "    <tr>\n",
       "      <th>1998-01-08</th>\n",
       "      <td>5.13</td>\n",
       "      <td>5.20</td>\n",
       "      <td>5.20</td>\n",
       "      <td>5.31</td>\n",
       "      <td>5.33</td>\n",
       "      <td>5.34</td>\n",
       "      <td>5.46</td>\n",
       "      <td>5.49</td>\n",
       "      <td>5.82</td>\n",
       "      <td>5.75</td>\n",
       "    </tr>\n",
       "  </tbody>\n",
       "</table>\n",
       "</div>"
      ],
      "text/plain": [
       "            3 Mo  6 Mo  1 Yr  2 Yr  3 Yr  5 Yr  7 Yr  10 Yr  20 Yr  30 Yr\n",
       "Date                                                                     \n",
       "1998-01-02  5.32  5.40  5.46  5.59  5.62  5.63  5.68   5.67   5.94   5.86\n",
       "1998-01-05  5.23  5.32  5.35  5.47  5.47  5.46  5.52   5.52   5.82   5.74\n",
       "1998-01-06  5.22  5.30  5.30  5.39  5.42  5.41  5.49   5.49   5.80   5.73\n",
       "1998-01-07  5.23  5.30  5.31  5.42  5.45  5.45  5.55   5.55   5.88   5.80\n",
       "1998-01-08  5.13  5.20  5.20  5.31  5.33  5.34  5.46   5.49   5.82   5.75"
      ]
     },
     "execution_count": 16,
     "metadata": {},
     "output_type": "execute_result"
    }
   ],
   "source": [
    "data_new.head()"
   ]
  },
  {
   "cell_type": "code",
   "execution_count": 17,
   "metadata": {},
   "outputs": [
    {
     "data": {
      "text/html": [
       "<div>\n",
       "<style scoped>\n",
       "    .dataframe tbody tr th:only-of-type {\n",
       "        vertical-align: middle;\n",
       "    }\n",
       "\n",
       "    .dataframe tbody tr th {\n",
       "        vertical-align: top;\n",
       "    }\n",
       "\n",
       "    .dataframe thead th {\n",
       "        text-align: right;\n",
       "    }\n",
       "</style>\n",
       "<table border=\"1\" class=\"dataframe\">\n",
       "  <thead>\n",
       "    <tr style=\"text-align: right;\">\n",
       "      <th></th>\n",
       "      <th>3 Mo</th>\n",
       "      <th>6 Mo</th>\n",
       "      <th>1 Yr</th>\n",
       "      <th>2 Yr</th>\n",
       "      <th>3 Yr</th>\n",
       "      <th>5 Yr</th>\n",
       "      <th>7 Yr</th>\n",
       "      <th>10 Yr</th>\n",
       "      <th>20 Yr</th>\n",
       "      <th>30 Yr</th>\n",
       "    </tr>\n",
       "    <tr>\n",
       "      <th>Date</th>\n",
       "      <th></th>\n",
       "      <th></th>\n",
       "      <th></th>\n",
       "      <th></th>\n",
       "      <th></th>\n",
       "      <th></th>\n",
       "      <th></th>\n",
       "      <th></th>\n",
       "      <th></th>\n",
       "      <th></th>\n",
       "    </tr>\n",
       "  </thead>\n",
       "  <tbody>\n",
       "    <tr>\n",
       "      <th>2016-12-23</th>\n",
       "      <td>0.52</td>\n",
       "      <td>0.65</td>\n",
       "      <td>0.87</td>\n",
       "      <td>1.22</td>\n",
       "      <td>1.54</td>\n",
       "      <td>2.04</td>\n",
       "      <td>2.35</td>\n",
       "      <td>2.55</td>\n",
       "      <td>2.86</td>\n",
       "      <td>3.12</td>\n",
       "    </tr>\n",
       "    <tr>\n",
       "      <th>2016-12-27</th>\n",
       "      <td>0.51</td>\n",
       "      <td>0.66</td>\n",
       "      <td>0.89</td>\n",
       "      <td>1.28</td>\n",
       "      <td>1.58</td>\n",
       "      <td>2.07</td>\n",
       "      <td>2.37</td>\n",
       "      <td>2.57</td>\n",
       "      <td>2.88</td>\n",
       "      <td>3.14</td>\n",
       "    </tr>\n",
       "    <tr>\n",
       "      <th>2016-12-28</th>\n",
       "      <td>0.53</td>\n",
       "      <td>0.62</td>\n",
       "      <td>0.90</td>\n",
       "      <td>1.26</td>\n",
       "      <td>1.55</td>\n",
       "      <td>2.02</td>\n",
       "      <td>2.32</td>\n",
       "      <td>2.51</td>\n",
       "      <td>2.83</td>\n",
       "      <td>3.09</td>\n",
       "    </tr>\n",
       "    <tr>\n",
       "      <th>2016-12-29</th>\n",
       "      <td>0.47</td>\n",
       "      <td>0.62</td>\n",
       "      <td>0.85</td>\n",
       "      <td>1.22</td>\n",
       "      <td>1.49</td>\n",
       "      <td>1.96</td>\n",
       "      <td>2.30</td>\n",
       "      <td>2.49</td>\n",
       "      <td>2.82</td>\n",
       "      <td>3.08</td>\n",
       "    </tr>\n",
       "    <tr>\n",
       "      <th>2016-12-30</th>\n",
       "      <td>0.51</td>\n",
       "      <td>0.62</td>\n",
       "      <td>0.85</td>\n",
       "      <td>1.20</td>\n",
       "      <td>1.47</td>\n",
       "      <td>1.93</td>\n",
       "      <td>2.25</td>\n",
       "      <td>2.45</td>\n",
       "      <td>2.79</td>\n",
       "      <td>3.06</td>\n",
       "    </tr>\n",
       "  </tbody>\n",
       "</table>\n",
       "</div>"
      ],
      "text/plain": [
       "            3 Mo  6 Mo  1 Yr  2 Yr  3 Yr  5 Yr  7 Yr  10 Yr  20 Yr  30 Yr\n",
       "Date                                                                     \n",
       "2016-12-23  0.52  0.65  0.87  1.22  1.54  2.04  2.35   2.55   2.86   3.12\n",
       "2016-12-27  0.51  0.66  0.89  1.28  1.58  2.07  2.37   2.57   2.88   3.14\n",
       "2016-12-28  0.53  0.62  0.90  1.26  1.55  2.02  2.32   2.51   2.83   3.09\n",
       "2016-12-29  0.47  0.62  0.85  1.22  1.49  1.96  2.30   2.49   2.82   3.08\n",
       "2016-12-30  0.51  0.62  0.85  1.20  1.47  1.93  2.25   2.45   2.79   3.06"
      ]
     },
     "execution_count": 17,
     "metadata": {},
     "output_type": "execute_result"
    }
   ],
   "source": [
    "data_new.tail()"
   ]
  },
  {
   "cell_type": "markdown",
   "metadata": {},
   "source": [
    "### c. Construct series of daily differences"
   ]
  },
  {
   "cell_type": "code",
   "execution_count": 18,
   "metadata": {},
   "outputs": [],
   "source": [
    "data_diff = data_new.diff()"
   ]
  },
  {
   "cell_type": "code",
   "execution_count": 26,
   "metadata": {},
   "outputs": [],
   "source": [
    "data_diff.drop(data_diff.index[0], inplace = True)"
   ]
  },
  {
   "cell_type": "code",
   "execution_count": 27,
   "metadata": {},
   "outputs": [
    {
     "data": {
      "text/html": [
       "<div>\n",
       "<style scoped>\n",
       "    .dataframe tbody tr th:only-of-type {\n",
       "        vertical-align: middle;\n",
       "    }\n",
       "\n",
       "    .dataframe tbody tr th {\n",
       "        vertical-align: top;\n",
       "    }\n",
       "\n",
       "    .dataframe thead th {\n",
       "        text-align: right;\n",
       "    }\n",
       "</style>\n",
       "<table border=\"1\" class=\"dataframe\">\n",
       "  <thead>\n",
       "    <tr style=\"text-align: right;\">\n",
       "      <th></th>\n",
       "      <th>3 Mo</th>\n",
       "      <th>6 Mo</th>\n",
       "      <th>1 Yr</th>\n",
       "      <th>2 Yr</th>\n",
       "      <th>3 Yr</th>\n",
       "      <th>5 Yr</th>\n",
       "      <th>7 Yr</th>\n",
       "      <th>10 Yr</th>\n",
       "      <th>20 Yr</th>\n",
       "      <th>30 Yr</th>\n",
       "    </tr>\n",
       "    <tr>\n",
       "      <th>Date</th>\n",
       "      <th></th>\n",
       "      <th></th>\n",
       "      <th></th>\n",
       "      <th></th>\n",
       "      <th></th>\n",
       "      <th></th>\n",
       "      <th></th>\n",
       "      <th></th>\n",
       "      <th></th>\n",
       "      <th></th>\n",
       "    </tr>\n",
       "  </thead>\n",
       "  <tbody>\n",
       "    <tr>\n",
       "      <th>1998-01-05</th>\n",
       "      <td>-0.09</td>\n",
       "      <td>-0.08</td>\n",
       "      <td>-0.11</td>\n",
       "      <td>-0.12</td>\n",
       "      <td>-0.15</td>\n",
       "      <td>-0.17</td>\n",
       "      <td>-0.16</td>\n",
       "      <td>-0.15</td>\n",
       "      <td>-0.12</td>\n",
       "      <td>-0.12</td>\n",
       "    </tr>\n",
       "    <tr>\n",
       "      <th>1998-01-06</th>\n",
       "      <td>-0.01</td>\n",
       "      <td>-0.02</td>\n",
       "      <td>-0.05</td>\n",
       "      <td>-0.08</td>\n",
       "      <td>-0.05</td>\n",
       "      <td>-0.05</td>\n",
       "      <td>-0.03</td>\n",
       "      <td>-0.03</td>\n",
       "      <td>-0.02</td>\n",
       "      <td>-0.01</td>\n",
       "    </tr>\n",
       "    <tr>\n",
       "      <th>1998-01-07</th>\n",
       "      <td>0.01</td>\n",
       "      <td>0.00</td>\n",
       "      <td>0.01</td>\n",
       "      <td>0.03</td>\n",
       "      <td>0.03</td>\n",
       "      <td>0.04</td>\n",
       "      <td>0.06</td>\n",
       "      <td>0.06</td>\n",
       "      <td>0.08</td>\n",
       "      <td>0.07</td>\n",
       "    </tr>\n",
       "    <tr>\n",
       "      <th>1998-01-08</th>\n",
       "      <td>-0.10</td>\n",
       "      <td>-0.10</td>\n",
       "      <td>-0.11</td>\n",
       "      <td>-0.11</td>\n",
       "      <td>-0.12</td>\n",
       "      <td>-0.11</td>\n",
       "      <td>-0.09</td>\n",
       "      <td>-0.06</td>\n",
       "      <td>-0.06</td>\n",
       "      <td>-0.05</td>\n",
       "    </tr>\n",
       "    <tr>\n",
       "      <th>1998-01-09</th>\n",
       "      <td>-0.08</td>\n",
       "      <td>-0.09</td>\n",
       "      <td>-0.12</td>\n",
       "      <td>-0.14</td>\n",
       "      <td>-0.13</td>\n",
       "      <td>-0.12</td>\n",
       "      <td>-0.09</td>\n",
       "      <td>-0.09</td>\n",
       "      <td>-0.05</td>\n",
       "      <td>-0.04</td>\n",
       "    </tr>\n",
       "  </tbody>\n",
       "</table>\n",
       "</div>"
      ],
      "text/plain": [
       "            3 Mo  6 Mo  1 Yr  2 Yr  3 Yr  5 Yr  7 Yr  10 Yr  20 Yr  30 Yr\n",
       "Date                                                                     \n",
       "1998-01-05 -0.09 -0.08 -0.11 -0.12 -0.15 -0.17 -0.16  -0.15  -0.12  -0.12\n",
       "1998-01-06 -0.01 -0.02 -0.05 -0.08 -0.05 -0.05 -0.03  -0.03  -0.02  -0.01\n",
       "1998-01-07  0.01  0.00  0.01  0.03  0.03  0.04  0.06   0.06   0.08   0.07\n",
       "1998-01-08 -0.10 -0.10 -0.11 -0.11 -0.12 -0.11 -0.09  -0.06  -0.06  -0.05\n",
       "1998-01-09 -0.08 -0.09 -0.12 -0.14 -0.13 -0.12 -0.09  -0.09  -0.05  -0.04"
      ]
     },
     "execution_count": 27,
     "metadata": {},
     "output_type": "execute_result"
    }
   ],
   "source": [
    "data_diff.head()"
   ]
  },
  {
   "cell_type": "markdown",
   "metadata": {},
   "source": [
    "### d. Compute correlations and volatilities among the series (using level data)"
   ]
  },
  {
   "cell_type": "code",
   "execution_count": 29,
   "metadata": {},
   "outputs": [
    {
     "data": {
      "text/html": [
       "<div>\n",
       "<style scoped>\n",
       "    .dataframe tbody tr th:only-of-type {\n",
       "        vertical-align: middle;\n",
       "    }\n",
       "\n",
       "    .dataframe tbody tr th {\n",
       "        vertical-align: top;\n",
       "    }\n",
       "\n",
       "    .dataframe thead th {\n",
       "        text-align: right;\n",
       "    }\n",
       "</style>\n",
       "<table border=\"1\" class=\"dataframe\">\n",
       "  <thead>\n",
       "    <tr style=\"text-align: right;\">\n",
       "      <th></th>\n",
       "      <th>3 Mo</th>\n",
       "      <th>6 Mo</th>\n",
       "      <th>1 Yr</th>\n",
       "      <th>2 Yr</th>\n",
       "      <th>3 Yr</th>\n",
       "      <th>5 Yr</th>\n",
       "      <th>7 Yr</th>\n",
       "      <th>10 Yr</th>\n",
       "      <th>20 Yr</th>\n",
       "      <th>30 Yr</th>\n",
       "    </tr>\n",
       "  </thead>\n",
       "  <tbody>\n",
       "    <tr>\n",
       "      <th>3 Mo</th>\n",
       "      <td>1.000000</td>\n",
       "      <td>0.998474</td>\n",
       "      <td>0.994831</td>\n",
       "      <td>0.981020</td>\n",
       "      <td>0.965991</td>\n",
       "      <td>0.930395</td>\n",
       "      <td>0.897358</td>\n",
       "      <td>0.858808</td>\n",
       "      <td>0.777356</td>\n",
       "      <td>0.836837</td>\n",
       "    </tr>\n",
       "    <tr>\n",
       "      <th>6 Mo</th>\n",
       "      <td>0.998474</td>\n",
       "      <td>1.000000</td>\n",
       "      <td>0.998064</td>\n",
       "      <td>0.985813</td>\n",
       "      <td>0.971125</td>\n",
       "      <td>0.935369</td>\n",
       "      <td>0.901603</td>\n",
       "      <td>0.862994</td>\n",
       "      <td>0.779952</td>\n",
       "      <td>0.837599</td>\n",
       "    </tr>\n",
       "    <tr>\n",
       "      <th>1 Yr</th>\n",
       "      <td>0.994831</td>\n",
       "      <td>0.998064</td>\n",
       "      <td>1.000000</td>\n",
       "      <td>0.993338</td>\n",
       "      <td>0.981841</td>\n",
       "      <td>0.950010</td>\n",
       "      <td>0.918233</td>\n",
       "      <td>0.880892</td>\n",
       "      <td>0.800086</td>\n",
       "      <td>0.847686</td>\n",
       "    </tr>\n",
       "    <tr>\n",
       "      <th>2 Yr</th>\n",
       "      <td>0.981020</td>\n",
       "      <td>0.985813</td>\n",
       "      <td>0.993338</td>\n",
       "      <td>1.000000</td>\n",
       "      <td>0.996518</td>\n",
       "      <td>0.975633</td>\n",
       "      <td>0.950672</td>\n",
       "      <td>0.916565</td>\n",
       "      <td>0.842489</td>\n",
       "      <td>0.874898</td>\n",
       "    </tr>\n",
       "    <tr>\n",
       "      <th>3 Yr</th>\n",
       "      <td>0.965991</td>\n",
       "      <td>0.971125</td>\n",
       "      <td>0.981841</td>\n",
       "      <td>0.996518</td>\n",
       "      <td>1.000000</td>\n",
       "      <td>0.989703</td>\n",
       "      <td>0.971020</td>\n",
       "      <td>0.941514</td>\n",
       "      <td>0.874408</td>\n",
       "      <td>0.894447</td>\n",
       "    </tr>\n",
       "    <tr>\n",
       "      <th>5 Yr</th>\n",
       "      <td>0.930395</td>\n",
       "      <td>0.935369</td>\n",
       "      <td>0.950010</td>\n",
       "      <td>0.975633</td>\n",
       "      <td>0.989703</td>\n",
       "      <td>1.000000</td>\n",
       "      <td>0.994435</td>\n",
       "      <td>0.977402</td>\n",
       "      <td>0.927013</td>\n",
       "      <td>0.932308</td>\n",
       "    </tr>\n",
       "    <tr>\n",
       "      <th>7 Yr</th>\n",
       "      <td>0.897358</td>\n",
       "      <td>0.901603</td>\n",
       "      <td>0.918233</td>\n",
       "      <td>0.950672</td>\n",
       "      <td>0.971020</td>\n",
       "      <td>0.994435</td>\n",
       "      <td>1.000000</td>\n",
       "      <td>0.992506</td>\n",
       "      <td>0.957795</td>\n",
       "      <td>0.958027</td>\n",
       "    </tr>\n",
       "    <tr>\n",
       "      <th>10 Yr</th>\n",
       "      <td>0.858808</td>\n",
       "      <td>0.862994</td>\n",
       "      <td>0.880892</td>\n",
       "      <td>0.916565</td>\n",
       "      <td>0.941514</td>\n",
       "      <td>0.977402</td>\n",
       "      <td>0.992506</td>\n",
       "      <td>1.000000</td>\n",
       "      <td>0.982792</td>\n",
       "      <td>0.980511</td>\n",
       "    </tr>\n",
       "    <tr>\n",
       "      <th>20 Yr</th>\n",
       "      <td>0.777356</td>\n",
       "      <td>0.779952</td>\n",
       "      <td>0.800086</td>\n",
       "      <td>0.842489</td>\n",
       "      <td>0.874408</td>\n",
       "      <td>0.927013</td>\n",
       "      <td>0.957795</td>\n",
       "      <td>0.982792</td>\n",
       "      <td>1.000000</td>\n",
       "      <td>0.994971</td>\n",
       "    </tr>\n",
       "    <tr>\n",
       "      <th>30 Yr</th>\n",
       "      <td>0.836837</td>\n",
       "      <td>0.837599</td>\n",
       "      <td>0.847686</td>\n",
       "      <td>0.874898</td>\n",
       "      <td>0.894447</td>\n",
       "      <td>0.932308</td>\n",
       "      <td>0.958027</td>\n",
       "      <td>0.980511</td>\n",
       "      <td>0.994971</td>\n",
       "      <td>1.000000</td>\n",
       "    </tr>\n",
       "  </tbody>\n",
       "</table>\n",
       "</div>"
      ],
      "text/plain": [
       "           3 Mo      6 Mo      1 Yr      2 Yr      3 Yr      5 Yr      7 Yr  \\\n",
       "3 Mo   1.000000  0.998474  0.994831  0.981020  0.965991  0.930395  0.897358   \n",
       "6 Mo   0.998474  1.000000  0.998064  0.985813  0.971125  0.935369  0.901603   \n",
       "1 Yr   0.994831  0.998064  1.000000  0.993338  0.981841  0.950010  0.918233   \n",
       "2 Yr   0.981020  0.985813  0.993338  1.000000  0.996518  0.975633  0.950672   \n",
       "3 Yr   0.965991  0.971125  0.981841  0.996518  1.000000  0.989703  0.971020   \n",
       "5 Yr   0.930395  0.935369  0.950010  0.975633  0.989703  1.000000  0.994435   \n",
       "7 Yr   0.897358  0.901603  0.918233  0.950672  0.971020  0.994435  1.000000   \n",
       "10 Yr  0.858808  0.862994  0.880892  0.916565  0.941514  0.977402  0.992506   \n",
       "20 Yr  0.777356  0.779952  0.800086  0.842489  0.874408  0.927013  0.957795   \n",
       "30 Yr  0.836837  0.837599  0.847686  0.874898  0.894447  0.932308  0.958027   \n",
       "\n",
       "          10 Yr     20 Yr     30 Yr  \n",
       "3 Mo   0.858808  0.777356  0.836837  \n",
       "6 Mo   0.862994  0.779952  0.837599  \n",
       "1 Yr   0.880892  0.800086  0.847686  \n",
       "2 Yr   0.916565  0.842489  0.874898  \n",
       "3 Yr   0.941514  0.874408  0.894447  \n",
       "5 Yr   0.977402  0.927013  0.932308  \n",
       "7 Yr   0.992506  0.957795  0.958027  \n",
       "10 Yr  1.000000  0.982792  0.980511  \n",
       "20 Yr  0.982792  1.000000  0.994971  \n",
       "30 Yr  0.980511  0.994971  1.000000  "
      ]
     },
     "execution_count": 29,
     "metadata": {},
     "output_type": "execute_result"
    }
   ],
   "source": [
    "data_corr_level = data_new.corr()\n",
    "data_corr_level"
   ]
  },
  {
   "cell_type": "code",
   "execution_count": 31,
   "metadata": {},
   "outputs": [
    {
     "data": {
      "text/plain": [
       "3 Mo     2.100867\n",
       "6 Mo     2.125534\n",
       "1 Yr     2.072415\n",
       "2 Yr     1.997175\n",
       "3 Yr     1.881481\n",
       "5 Yr     1.660711\n",
       "7 Yr     1.517478\n",
       "10 Yr    1.327459\n",
       "20 Yr    1.262964\n",
       "30 Yr    1.141953\n",
       "dtype: float64"
      ]
     },
     "execution_count": 31,
     "metadata": {},
     "output_type": "execute_result"
    }
   ],
   "source": [
    "data_vol_level = data_new.std()\n",
    "data_vol_level"
   ]
  },
  {
   "cell_type": "markdown",
   "metadata": {},
   "source": [
    "### e. Compute correlations and volatilities among the series (using daily differences)"
   ]
  },
  {
   "cell_type": "code",
   "execution_count": 32,
   "metadata": {},
   "outputs": [
    {
     "data": {
      "text/html": [
       "<div>\n",
       "<style scoped>\n",
       "    .dataframe tbody tr th:only-of-type {\n",
       "        vertical-align: middle;\n",
       "    }\n",
       "\n",
       "    .dataframe tbody tr th {\n",
       "        vertical-align: top;\n",
       "    }\n",
       "\n",
       "    .dataframe thead th {\n",
       "        text-align: right;\n",
       "    }\n",
       "</style>\n",
       "<table border=\"1\" class=\"dataframe\">\n",
       "  <thead>\n",
       "    <tr style=\"text-align: right;\">\n",
       "      <th></th>\n",
       "      <th>3 Mo</th>\n",
       "      <th>6 Mo</th>\n",
       "      <th>1 Yr</th>\n",
       "      <th>2 Yr</th>\n",
       "      <th>3 Yr</th>\n",
       "      <th>5 Yr</th>\n",
       "      <th>7 Yr</th>\n",
       "      <th>10 Yr</th>\n",
       "      <th>20 Yr</th>\n",
       "      <th>30 Yr</th>\n",
       "    </tr>\n",
       "  </thead>\n",
       "  <tbody>\n",
       "    <tr>\n",
       "      <th>3 Mo</th>\n",
       "      <td>1.000000</td>\n",
       "      <td>0.767921</td>\n",
       "      <td>0.595915</td>\n",
       "      <td>0.367397</td>\n",
       "      <td>0.329247</td>\n",
       "      <td>0.274581</td>\n",
       "      <td>0.232599</td>\n",
       "      <td>0.205383</td>\n",
       "      <td>0.156063</td>\n",
       "      <td>0.139239</td>\n",
       "    </tr>\n",
       "    <tr>\n",
       "      <th>6 Mo</th>\n",
       "      <td>0.767921</td>\n",
       "      <td>1.000000</td>\n",
       "      <td>0.819384</td>\n",
       "      <td>0.576529</td>\n",
       "      <td>0.532568</td>\n",
       "      <td>0.461739</td>\n",
       "      <td>0.405949</td>\n",
       "      <td>0.369554</td>\n",
       "      <td>0.299901</td>\n",
       "      <td>0.257625</td>\n",
       "    </tr>\n",
       "    <tr>\n",
       "      <th>1 Yr</th>\n",
       "      <td>0.595915</td>\n",
       "      <td>0.819384</td>\n",
       "      <td>1.000000</td>\n",
       "      <td>0.810699</td>\n",
       "      <td>0.762512</td>\n",
       "      <td>0.683485</td>\n",
       "      <td>0.619514</td>\n",
       "      <td>0.571969</td>\n",
       "      <td>0.482837</td>\n",
       "      <td>0.410516</td>\n",
       "    </tr>\n",
       "    <tr>\n",
       "      <th>2 Yr</th>\n",
       "      <td>0.367397</td>\n",
       "      <td>0.576529</td>\n",
       "      <td>0.810699</td>\n",
       "      <td>1.000000</td>\n",
       "      <td>0.951802</td>\n",
       "      <td>0.887326</td>\n",
       "      <td>0.824188</td>\n",
       "      <td>0.769853</td>\n",
       "      <td>0.663140</td>\n",
       "      <td>0.588832</td>\n",
       "    </tr>\n",
       "    <tr>\n",
       "      <th>3 Yr</th>\n",
       "      <td>0.329247</td>\n",
       "      <td>0.532568</td>\n",
       "      <td>0.762512</td>\n",
       "      <td>0.951802</td>\n",
       "      <td>1.000000</td>\n",
       "      <td>0.944469</td>\n",
       "      <td>0.893232</td>\n",
       "      <td>0.845369</td>\n",
       "      <td>0.743121</td>\n",
       "      <td>0.676943</td>\n",
       "    </tr>\n",
       "    <tr>\n",
       "      <th>5 Yr</th>\n",
       "      <td>0.274581</td>\n",
       "      <td>0.461739</td>\n",
       "      <td>0.683485</td>\n",
       "      <td>0.887326</td>\n",
       "      <td>0.944469</td>\n",
       "      <td>1.000000</td>\n",
       "      <td>0.967855</td>\n",
       "      <td>0.936032</td>\n",
       "      <td>0.852927</td>\n",
       "      <td>0.800068</td>\n",
       "    </tr>\n",
       "    <tr>\n",
       "      <th>7 Yr</th>\n",
       "      <td>0.232599</td>\n",
       "      <td>0.405949</td>\n",
       "      <td>0.619514</td>\n",
       "      <td>0.824188</td>\n",
       "      <td>0.893232</td>\n",
       "      <td>0.967855</td>\n",
       "      <td>1.000000</td>\n",
       "      <td>0.971868</td>\n",
       "      <td>0.914288</td>\n",
       "      <td>0.872325</td>\n",
       "    </tr>\n",
       "    <tr>\n",
       "      <th>10 Yr</th>\n",
       "      <td>0.205383</td>\n",
       "      <td>0.369554</td>\n",
       "      <td>0.571969</td>\n",
       "      <td>0.769853</td>\n",
       "      <td>0.845369</td>\n",
       "      <td>0.936032</td>\n",
       "      <td>0.971868</td>\n",
       "      <td>1.000000</td>\n",
       "      <td>0.950530</td>\n",
       "      <td>0.921481</td>\n",
       "    </tr>\n",
       "    <tr>\n",
       "      <th>20 Yr</th>\n",
       "      <td>0.156063</td>\n",
       "      <td>0.299901</td>\n",
       "      <td>0.482837</td>\n",
       "      <td>0.663140</td>\n",
       "      <td>0.743121</td>\n",
       "      <td>0.852927</td>\n",
       "      <td>0.914288</td>\n",
       "      <td>0.950530</td>\n",
       "      <td>1.000000</td>\n",
       "      <td>0.976995</td>\n",
       "    </tr>\n",
       "    <tr>\n",
       "      <th>30 Yr</th>\n",
       "      <td>0.139239</td>\n",
       "      <td>0.257625</td>\n",
       "      <td>0.410516</td>\n",
       "      <td>0.588832</td>\n",
       "      <td>0.676943</td>\n",
       "      <td>0.800068</td>\n",
       "      <td>0.872325</td>\n",
       "      <td>0.921481</td>\n",
       "      <td>0.976995</td>\n",
       "      <td>1.000000</td>\n",
       "    </tr>\n",
       "  </tbody>\n",
       "</table>\n",
       "</div>"
      ],
      "text/plain": [
       "           3 Mo      6 Mo      1 Yr      2 Yr      3 Yr      5 Yr      7 Yr  \\\n",
       "3 Mo   1.000000  0.767921  0.595915  0.367397  0.329247  0.274581  0.232599   \n",
       "6 Mo   0.767921  1.000000  0.819384  0.576529  0.532568  0.461739  0.405949   \n",
       "1 Yr   0.595915  0.819384  1.000000  0.810699  0.762512  0.683485  0.619514   \n",
       "2 Yr   0.367397  0.576529  0.810699  1.000000  0.951802  0.887326  0.824188   \n",
       "3 Yr   0.329247  0.532568  0.762512  0.951802  1.000000  0.944469  0.893232   \n",
       "5 Yr   0.274581  0.461739  0.683485  0.887326  0.944469  1.000000  0.967855   \n",
       "7 Yr   0.232599  0.405949  0.619514  0.824188  0.893232  0.967855  1.000000   \n",
       "10 Yr  0.205383  0.369554  0.571969  0.769853  0.845369  0.936032  0.971868   \n",
       "20 Yr  0.156063  0.299901  0.482837  0.663140  0.743121  0.852927  0.914288   \n",
       "30 Yr  0.139239  0.257625  0.410516  0.588832  0.676943  0.800068  0.872325   \n",
       "\n",
       "          10 Yr     20 Yr     30 Yr  \n",
       "3 Mo   0.205383  0.156063  0.139239  \n",
       "6 Mo   0.369554  0.299901  0.257625  \n",
       "1 Yr   0.571969  0.482837  0.410516  \n",
       "2 Yr   0.769853  0.663140  0.588832  \n",
       "3 Yr   0.845369  0.743121  0.676943  \n",
       "5 Yr   0.936032  0.852927  0.800068  \n",
       "7 Yr   0.971868  0.914288  0.872325  \n",
       "10 Yr  1.000000  0.950530  0.921481  \n",
       "20 Yr  0.950530  1.000000  0.976995  \n",
       "30 Yr  0.921481  0.976995  1.000000  "
      ]
     },
     "execution_count": 32,
     "metadata": {},
     "output_type": "execute_result"
    }
   ],
   "source": [
    "data_corr_diff = data_diff.corr()\n",
    "data_corr_diff"
   ]
  },
  {
   "cell_type": "code",
   "execution_count": 33,
   "metadata": {},
   "outputs": [
    {
     "data": {
      "text/plain": [
       "3 Mo     0.051948\n",
       "6 Mo     0.041469\n",
       "1 Yr     0.041751\n",
       "2 Yr     0.054433\n",
       "3 Yr     0.058449\n",
       "5 Yr     0.062394\n",
       "7 Yr     0.062952\n",
       "10 Yr    0.059746\n",
       "20 Yr    0.056070\n",
       "30 Yr    0.054872\n",
       "dtype: float64"
      ]
     },
     "execution_count": 33,
     "metadata": {},
     "output_type": "execute_result"
    }
   ],
   "source": [
    "data_vol_diff = data_diff.std()\n",
    "data_vol_diff"
   ]
  },
  {
   "cell_type": "markdown",
   "metadata": {},
   "source": [
    "### f. Plot the volatility curves computed in 2d & 2e"
   ]
  },
  {
   "cell_type": "code",
   "execution_count": 36,
   "metadata": {},
   "outputs": [
    {
     "data": {
